   5.2325143e+00  -7.1301675e+00   3.4355634e+00  -1.3578565e+00  -1.2846077e-01   5.3124420e-01   1.3124106e-01  -3.6612217e-02  -7.6967325e-02  -2.2139337e-01   1.0453839e-01  -2.7280780e-02  -2.0436940e-01  -9.4772875e-02  -4.4164006e-02  -1.1921971e-01  -4.3489162e-02  -8.6728835e-03   2.9378693e-02  -1.5142105e-01   1.8036746e-01
   5.8952066e+00  -8.0547285e+00   2.7286105e+00  -7.3108708e-01  -2.8164389e-01   5.0296409e-01   2.6396466e-01  -9.1295043e-02  -9.9341788e-02  -6.2084803e-02   1.5163330e-01   9.0114900e-02  -1.4161088e-01  -1.0561335e-01  -5.2955731e-02  -9.8689689e-02   3.6495202e-02  -1.9233896e-02   3.4808748e-02  -6.6365207e-02   1.0085191e-01
   5.8897974e+00  -7.9222925e+00   2.9421867e+00  -8.7918113e-01  -4.2320742e-01   4.7078825e-01   2.3535401e-01  -3.2603187e-02  -1.1227281e-01  -3.9804958e-02   1.4013412e-01   5.9416720e-02  -8.4446041e-02  -1.1524550e-01  -8.2548182e-02  -1.6179044e-01   3.6789168e-03   3.3297689e-02   1.9383825e-02  -3.5783730e-02   9.5138350e-02
   6.6549641e+00  -8.4280886e+00   2.5938680e+00  -1.0348720e+00  -2.3374877e-01   5.9888784e-01   1.1235216e-01  -2.5788802e-02  -4.7307601e-02  -1.1797673e-01   2.0611701e-01   4.5953815e-02  -1.2319683e-01  -1.4414197e-01  -8.9026140e-02  -7.9876540e-02   2.5927843e-02   6.8281341e-04   5.3134553e-03  -1.9134383e-02   9.9091253e-02
   5.9046988e+00  -7.9093746e+00   2.7265545e+00  -5.5283095e-01   1.1971734e-01   5.9653945e-01   4.0749773e-02  -1.5283940e-01  -1.1189966e-01  -1.3446936e-01   3.3918960e-02  -5.4911366e-02  -9.6426648e-02  -1.3303914e-01  -1.2546038e-01  -1.0222517e-01  -3.7006039e-02   2.3439944e-02   2.9163365e-02  -1.8821945e-01   1.2392009e-01
   5.4745798e+00  -7.3005658e+00   3.2608586e+00  -9.3953327e-01   9.4498894e-02   5.3270378e-01  -1.2957998e-04  -1.3880512e-01  -2.1018570e-02  -5.5808571e-02  -5.3993401e-02  -1.1331198e-01  -1.1590491e-01  -1.8865145e-01  -1.7545646e-01  -9.1812642e-02  -2.8333891e-03  -2.9188229e-02   3.2649527e-02  -1.7211391e-01   3.8367402e-03
   6.1163881e+00  -7.9588131e+00   2.5283498e+00  -2.3816127e-01   3.1661722e-01   4.7800014e-01  -1.0772955e-01  -1.7085550e-01  -1.0532588e-01  -9.1351850e-02  -4.0383387e-02  -1.4432330e-01  -1.0394772e-01  -1.4104363e-01  -1.2361521e-01  -9.7075711e-02   5.5916976e-04  -3.5765986e-03  -3.7164521e-02  -1.9624669e-01   1.1969956e-01
   5.8933378e+00  -7.6984683e+00   2.8613955e+00  -5.1438978e-01   2.7979865e-01   4.5960005e-01  -8.8313225e-02  -2.3546341e-01  -6.6355796e-02  -1.3756891e-01  -1.5858560e-02  -6.5942374e-02  -1.6225645e-01  -1.2312500e-01  -1.4579968e-01  -1.3994068e-01  -1.9222710e-03  -2.5154908e-02  -3.1068224e-03  -1.5551997e-01   8.5054181e-02
   5.8127068e+00  -7.8235143e+00   3.0863876e+00  -1.2865225e-01  -2.1920066e-01   2.9941578e-01   1.6044932e-01  -1.7687085e-01  -1.3786354e-01  -1.4595652e-01  -9.1418448e-02  -8.4222441e-02  -4.4470000e-02  -1.7417308e-01  -8.6702131e-02  -1.0604485e-01  -3.2930356e-02  -1.8288973e-02  -2.5116339e-03  -1.2370063e-01   3.7561173e-02
   6.6442174e+00  -8.5456413e+00   2.3252837e+00  -4.3645097e-01  -4.6722936e-01   3.1171107e-01   3.8574065e-01  -8.1015807e-02  -3.9899420e-02  -9.5417811e-02  -4.7800211e-02   3.2011928e-02   9.9408038e-02  -9.3031771e-03  -1.1151182e-01  -1.2239398e-01   7.3201447e-02   9.1621990e-02   4.7423279e-02  -8.4876288e-02   3.0920753e-02
   6.8750432e+00  -8.6431472e+00   2.2454854e+00  -1.8828643e-01  -2.7553071e-01   2.1972305e-01   2.7071329e-01  -9.2682752e-02  -7.8013927e-02  -1.0251372e-01  -4.7348196e-02   3.1101119e-02   4.7757141e-02  -6.7406860e-02  -1.1588059e-01  -1.1722974e-01  -1.0536073e-02   3.6389345e-02   2.2075822e-02  -6.1662401e-02   5.1950263e-02
   6.7242183e+00  -8.6385223e+00   2.2708387e+00  -9.6908366e-02  -3.1601636e-01   2.8849643e-01   3.0415235e-01  -2.8073032e-02  -1.4079281e-01  -1.1660061e-01  -6.7698633e-02  -9.4499140e-03   7.0471181e-02  -6.6935694e-02  -1.0976916e-01  -1.2777162e-01   2.6347302e-02   6.3588244e-02  -4.4753027e-03  -1.2112947e-01   9.6030783e-02
   5.1319439e+00  -7.9016429e+00   2.2233376e+00   9.7409384e-01   1.8916067e-01  -2.6915832e-01  -2.3576003e-01  -1.7290253e-01  -8.7696664e-03   9.3814109e-02   1.0355580e-01  -1.0384956e-02  -1.3073663e-02  -8.0056900e-02  -4.9841741e-02  -3.0404732e-03   1.1138925e-02   2.9892827e-02   2.4979579e-02  -1.5709760e-01   1.1981157e-01
   5.8601471e+00  -8.2560313e+00   2.1262663e+00   1.0146332e+00   2.0459892e-01  -3.3172176e-01  -2.3545769e-01  -1.3621447e-01  -1.3364356e-02   1.5234151e-02   6.2465977e-02   1.2211736e-03  -9.4945314e-02  -4.5369546e-02  -8.2564051e-02  -3.3445890e-02  -4.1991472e-02   2.8218558e-02  -5.4984671e-03  -3.4879904e-02  -1.3011350e-03
   5.3163280e+00  -7.9603837e+00   2.2807384e+00   1.0059771e+00   2.2353840e-01  -3.2733973e-01  -2.8650520e-01  -1.5032053e-01  -2.6648633e-02   7.2520834e-02   1.1571901e-01  -1.2508450e-02  -3.6093199e-02  -7.9076746e-02  -7.6529609e-02  -2.7448126e-02  -1.4835765e-03   3.5597996e-02  -2.3132758e-03  -1.0494409e-01   4.1175136e-02
   5.9158167e+00  -8.2132518e+00   2.5578217e+00   5.9917145e-01  -1.6042841e-01  -6.7717924e-02   3.2597766e-02  -1.9525933e-02  -3.5595046e-02  -9.3309265e-02  -8.3866491e-02  -7.3644486e-02  -4.3512909e-02  -4.2292824e-02  -5.6712311e-02  -8.5162797e-02  -2.9906792e-02  -6.6746149e-02  -2.4683789e-02  -7.3102812e-02   6.4052146e-02
   8.1150060e+00  -9.0453394e+00   1.5173408e+00  -5.2146017e-02  -8.5928695e-02  -1.0989994e-02  -1.7173443e-02  -8.4621803e-02  -1.4029999e-01  -9.9282952e-02   3.6382160e-02  -4.3416476e-02  -1.3478268e-01  -1.1640777e-01  -1.7867372e-02   6.7652053e-02   1.1186999e-01  -4.6648871e-02  -3.8693632e-02  -9.8780845e-02   1.8412884e-01
   8.0394527e+00  -8.8848850e+00   1.9579715e+00  -9.8723500e-02  -1.2979425e-01   7.2597848e-02   4.9841417e-02  -1.6102260e-01  -2.0193821e-01  -1.5138784e-01  -7.3229225e-02  -8.0548751e-02  -1.3825496e-01  -1.8445077e-01  -4.7965281e-02   6.6512806e-02   3.8105192e-02  -1.0609770e-01  -5.8642418e-02  -1.3915956e-01   2.3161860e-01
   7.4468192e+00  -8.6409331e+00   1.7242218e+00  -1.7658499e-01  -2.0902383e-01   2.1559340e-01   2.8301678e-01  -3.3899017e-02  -2.6983192e-01  -1.8642138e-01  -6.1386447e-02  -4.6346341e-02  -7.4446549e-02   2.6964374e-02   3.2502878e-02  -3.2384814e-02   5.0987397e-03  -6.4091746e-03  -8.8136473e-02  -1.5479901e-01   2.4638594e-01
   7.5789937e+00  -9.0229391e+00   1.2217778e+00  -6.9299433e-02   7.3379735e-02   4.0111190e-01   2.8340652e-01  -1.2404395e-01  -2.3828971e-01  -1.9756978e-01   2.0586141e-02  -4.2672768e-02  -3.9662171e-02   1.2378644e-02   8.3634728e-02   2.9286468e-02  -7.0967224e-02  -1.2534451e-02  -1.8798589e-02  -1.0189343e-01   2.3411495e-01
   7.3180084e+00  -8.8381680e+00   1.5791524e+00  -1.5777940e-02   9.7257403e-02   3.1280490e-01   1.7525343e-01  -5.4783354e-02  -2.2583278e-01  -3.0468152e-01  -9.3784595e-03  -6.1629738e-03  -8.7257139e-02   1.4134396e-02   7.1243301e-02   3.0107714e-02  -2.4080898e-02  -1.9525839e-02  -1.2156405e-01  -1.2037796e-01   2.2962890e-01
   5.4726057e+00  -7.5274729e+00   2.9686729e+00   3.0586681e-02   3.4803819e-01   9.5083745e-02  -5.5623630e-02   2.0624155e-02  -1.0319751e-01  -1.3154128e-01  -9.6897102e-02  -1.7277347e-01  -1.1349811e-01  -9.2821654e-02  -8.4994117e-02  -9.5294835e-02  -4.3910326e-02  -1.5444436e-01  -7.2667779e-02  -2.3468711e-01   4.4212868e-02
   4.9744556e+00  -7.1354719e+00   2.9577148e+00  -2.9784873e-01   3.2044235e-01   1.2270898e-01  -6.9386011e-02   2.2687757e-02  -1.0678170e-01  -1.0647242e-01  -1.3351135e-02  -1.7177976e-01  -5.2586742e-02  -6.3745670e-02  -3.4679204e-02  -3.6822534e-02  -5.4926510e-02  -1.1075759e-01  -5.7069991e-02  -1.6402889e-01   7.7699360e-02
   5.3700942e+00  -7.4898707e+00   2.7586078e+00  -8.8281845e-02   2.7483060e-01   5.6600934e-02  -1.0524349e-01  -4.5844490e-02  -1.1666836e-01  -1.4007115e-01  -4.4566781e-02  -1.3815409e-01  -3.0484165e-02  -3.2488646e-02  -1.9058326e-02   7.9375470e-03  -1.5614254e-02  -1.2736075e-01  -5.8069130e-02  -1.7582045e-01   1.5952550e-01
   6.7767607e+00  -8.7993981e+00   1.7144183e+00   4.4548177e-01   2.1806804e-01   9.7890776e-02  -3.5345054e-02  -9.8176378e-02  -9.9299120e-02  -1.1594412e-01  -5.4542308e-03  -4.8115429e-02  -3.9518422e-03   5.3589500e-02  -1.0356354e-02  -6.5056874e-03   3.7378644e-03  -4.0822634e-02  -4.8980121e-02  -5.8648267e-02   6.1050427e-02
   6.6077052e+00  -8.5241687e+00   2.0454257e+00   2.4534083e-01   1.0370035e-01   9.6688826e-02   4.3870069e-02   1.8646432e-02  -1.3695406e-01  -2.0478728e-01  -9.3964831e-02  -2.0038111e-02  -4.2761064e-02   1.0203943e-02  -5.1623495e-03  -4.4322287e-02  -7.0029491e-03  -6.4093317e-02  -4.5153050e-02  -1.2428738e-01   1.4111397e-01
   6.8110261e+00  -8.7461059e+00   1.8392874e+00   2.7225643e-01   6.1030136e-02   6.4685809e-02   3.4362928e-02  -1.3712430e-02  -3.7178333e-02  -1.1023068e-01  -9.0925346e-02  -9.2135642e-02   2.5781542e-03  -1.8113096e-02   4.3405020e-02  -7.6850238e-04   1.5078490e-02  -3.5613905e-02  -5.1443400e-02  -9.4896608e-02   1.4741341e-01
   6.1599367e+00  -8.4432718e+00   2.2803140e+00  -1.0373385e-01  -3.7341225e-02   2.5923198e-01   1.3373982e-01  -4.8258986e-02  -1.9719750e-02  -1.5064466e-01  -1.6926050e-01  -9.0840299e-03   1.7412314e-01   5.1162460e-02  -4.3097800e-02  -2.3052453e-02  -1.9787195e-02  -8.4894975e-02  -7.6643525e-02  -9.1208077e-02   2.6149074e-01
   6.5652287e+00  -8.7282489e+00   1.9621186e+00  -3.6950357e-02  -1.0227622e-01   3.1573305e-01   1.8497686e-01  -4.3570140e-02  -4.0095770e-02  -1.1564204e-01  -1.3051957e-01   2.9212158e-02   1.7182050e-01   6.6523715e-02  -5.4197895e-02  -2.4694830e-02  -2.8365643e-02  -6.5899660e-02  -7.0846517e-02  -7.4702710e-02   2.2039665e-01
   6.1858012e+00  -8.3678750e+00   2.1593067e+00  -8.2956220e-02  -5.6445604e-02   3.0661120e-01   1.9171872e-01  -7.3693047e-02  -7.1212627e-02  -6.2856815e-02  -1.5237701e-01   9.6102870e-03   1.3680549e-01   5.1561733e-02  -5.0171116e-02  -5.8008376e-02  -2.7745540e-02  -9.2409105e-02  -5.1448320e-02  -1.2724549e-01   2.3302894e-01
   3.3541370e+00  -5.9855578e+00   3.7096722e+00  -1.5111238e-01  -5.8469062e-01  -1.7734905e-01   4.8273540e-02  -8.0948175e-02  -1.1315687e-01  -6.7934282e-02   2.9189423e-02  -3.1811309e-02  -1.7037387e-02  -5.4138266e-02   2.5235942e-02   2.1924078e-02   3.9867006e-02   6.3655314e-03   2.2886063e-02  -2.4995924e-02   3.1181323e-02
   5.0094524e+00  -7.5009385e+00   2.9000623e+00   4.4603111e-01  -3.7550956e-01  -1.7832891e-01   9.2546079e-02   3.3558965e-02  -5.5466792e-02  -8.6757380e-02   2.0339305e-02  -2.7977656e-02  -5.3143064e-02  -1.2688973e-01  -3.9396324e-02  -5.5626119e-02   3.0994809e-02   2.4859128e-02  -1.2252981e-02  -2.0827875e-01   1.6272164e-01
   5.2310291e+00  -7.6750784e+00   2.8741402e+00   2.5453163e-01  -4.2331205e-01  -1.0772832e-01   1.7792519e-01   5.8160746e-02  -1.1205705e-01  -1.1950706e-01   1.4473545e-02   3.2822584e-02  -1.5738683e-02  -1.2911222e-01  -2.4563278e-02  -6.4387371e-03   2.1533152e-03  -2.7145646e-02  -9.6604819e-03  -1.5733604e-01   1.6244160e-01
   5.9609637e+00  -8.1031034e+00   2.5056755e+00   3.2602933e-01  -2.7711566e-01   4.6828474e-02   1.3773994e-01  -1.0523621e-01  -2.7962520e-01  -1.8735645e-01  -5.4923550e-03   4.7169226e-02  -1.7713680e-02  -6.7319975e-02   3.7586217e-02  -4.2240081e-02  -5.2509640e-02  -6.4244732e-02  -1.9671122e-03  -7.7359686e-02   2.1929181e-01
   6.3342497e+00  -8.3628638e+00   2.3187249e+00   3.2863311e-01  -1.9617975e-01  -1.6727153e-02   1.8890157e-01  -1.3207991e-01  -2.6120419e-01  -2.0658028e-01   3.9877703e-03   3.3169867e-02  -8.5445968e-03  -4.4870736e-02  -6.5220320e-03   1.6387580e-02  -4.7554864e-02  -8.6181256e-02   5.7732267e-03  -5.1955093e-02   1.9143594e-01
   6.3792565e+00  -8.2807513e+00   2.2060696e+00   3.8972218e-01  -8.9807858e-02   5.5655382e-02   1.5845876e-01  -3.3562629e-02  -2.7396936e-01  -1.5451507e-01  -7.6413885e-03   9.1629468e-03  -5.3335519e-04  -1.0248986e-01  -6.6839732e-02  -7.0496482e-02  -1.2017210e-01  -9.6043301e-02  -2.2704388e-02  -8.7388792e-02   2.0859019e-01
   7.8159153e+00  -8.9134441e+00   1.2025888e+00   2.9560866e-01   1.1254674e-01   2.3686838e-01   1.1100441e-01  -2.3771136e-01  -1.3592942e-01  -5.5586579e-02  -9.7978298e-02  -6.2867994e-02  -7.9252348e-02   4.4276380e-02   3.2312670e-02  -7.6710599e-02  -9.7669501e-02  -5.0508164e-02  -7.1077547e-02  -9.2973657e-02   1.2058818e-01
   7.4220345e+00  -8.9934585e+00   1.2129576e+00   3.6343624e-01   1.5805260e-01   2.0712239e-01   5.5157752e-02  -1.4989594e-01  -9.5208718e-02  -2.3804584e-02   1.6622798e-02  -6.2767534e-02  -7.2026144e-02   2.5735832e-04   1.8231356e-02  -4.2179951e-02  -9.0706565e-02  -8.0544240e-02   1.7141057e-02  -8.4200947e-02   2.2377948e-01
   7.9287584e+00  -8.1625783e+00   2.1590086e+00   2.6996613e-01   3.5930147e-02   5.4801374e-02  -1.1425172e-01  -3.5972381e-01  -2.8082874e-01  -2.5000904e-01  -1.1200424e-01  -1.8212995e-01  -1.7065756e-01  -5.2688091e-02  -5.6911376e-02  -1.4134419e-01  -1.8521039e-01  -1.6485903e-01  -1.0642666e-01  -2.2153508e-01   1.1269352e-01
